kohde;jasen;pvknro;sp;ASALUE;IKAL1;A1;A2;A3;A4;A5
50002;1;2;1;1.0;6;190;450;13;2.0;1.0
50002;2;2;2;1.0;6;235;480;52;1.0;1.0
50009;1;2;2;1.0;7;175;460;104;1.0;1.0
50011;1;2;2;3.0;4;180;460;0;1.0;1.0
50012;1;1;2;1.0;8;0;600;10;2.0;2.0
50015;1;1;1;3.0;8;0;480;310;2.0;1.0
50015;2;1;2;3.0;8;0;520;40;2.0;1.0
50022;1;1;2;1.0;6;480;570;0;2.0;1.0
50024;1;2;1;1.0;4;340;490;0;2.0;1.0
50030;1;2;1;2.0;6;0;570;91;1.0;1.0
50030;2;2;2;2.0;6;0;680;104;2.0;1.0
50035;1;2;1;1.0;4;00:00;09:20;00:00;2.0;1.0
50035;2;2;2;1.0;4;00:00;09:30;00:00;2.0;1.0
50051;1;2;1;1.0;4;370;450;0;1.0;1.0
50051;2;2;2;1.0;4;205;540;0;1.0;1.0
50058;1;1;2;1.0;4;420;360;140;1.0;1.0
50078;1;2;1;1.0;3;0;450;0;1.0;2.0
50078;2;2;2;1.0;3;0;490;0;1.0;1.0
50080;1;1;1;2.0;6;0;350;30;2.0;1.0
50083;1;1;1;1.0;8;0;540;0;2.0;1.0
50083;2;1;2;1.0;8;0;480;110;2.0;1.0
50093;1;1;2;1.0;9;0;570;120;2.0;2.0
50093;2;1;1;1.0;9;0;470;250;2.0;2.0
50095;1;1;2;3.0;6;?;510;70;2.0;1.0
50095;2;1;1;3.0;6;530;450;20;?;?
50097;1;1;1;1.0;6;0;420;30;1.0;2.0
50101;1;1;1;1.0;6;0;610;0;1.0;1.0
50101;2;1;2;1.0;6;0;470;60;2.0;2.0
50102;1;1;1;1.0;4;450;470;0;0.0;180.0
50103;1;1;2;3.0;8;00:00;06:20;02:20;2.0;1.0
50103;2;1;1;3.0;9;00:00;09:40;02:20;2.0;2.0
50118;1;1;2;1.0;7;0;620;150;1.0;1.0
50119;2;2;1;1.0;6;215;500;52;2.0;1.0
50121;2;1;2;1.0;5;0;?;0;1.0;1.0
50124;1;1;1;2.0;6;0;470;20;1.0;1.0
50124;2;1;2;2.0;6;0;550;60;1.0;1.0
50125;1;2;2;1.0;6;0;470;78;1.0;1.0
50126;1;1;2;3.0;3;0;630;40;1.0;1.0
50140;1;1;1;1.0;5;00:00;09:00;00:00;1.0;1.0
50140;2;1;2;1.0;5;00:00;11:00;00:00;1.0;1.0
50142;1;1;2;2.0;8;0;630;140;2.0;1.0
50142;2;1;1;2.0;8;0;670;40;?;?
50145;1;1;1;2.0;7;0;520;50;2.0;2.0
50145;2;1;2;2.0;5;0;500;30;2.0;1.0
50147;1;1;2;1.0;5;0;590;30;1.0;1.0
50147;2;1;1;1.0;5;0;630;20;1.0;1.0
50148;1;1;2;1.0;8;0;300;30;2.0;2.0
50150;1;1;1;1.0;8;0;470;110;2.0;1.0
50150;2;1;2;1.0;7;0;450;180;2.0;1.0
50161;1;2;2;3.0;7;0;530;91;2.0;1.0
50161;2;2;1;3.0;8;125;480;52;2.0;2.0
50162;1;1;1;2.0;6;0;520;0;60.0;0.0
50162;2;1;2;2.0;6;0;630;30;180.0;0.0
50163;1;2;2;1.0;6;0;490;39;1.0;1.0
50163;2;2;1;1.0;7;225;630;78;?;?
50165;1;2;1;1.0;8;00:00;09:30;01:05;1.0;1.0
50165;2;2;2;1.0;8;00:00;08:10;01:18;1.0;1.0
50168;1;1;2;1.0;6;07:00;07:40;00:30;1.0;1.0
50175;1;1;2;1.0;6;460;430;20;1.0;1.0
50175;2;1;1;1.0;6;680;420;30;1.0;1.0
50176;1;2;2;1.0;6;0;430;0;1.0;2.0
50176;2;2;1;1.0;7;0;390;13;1.0;2.0
50177;2;2;1;3.0;7;305;400;0;2.0;1.0
50178;1;2;2;2.0;6;0;460;130;1.0;1.0
50182;1;1;2;3.0;8;0;630;10;2.0;2.0
50185;1;2;2;1.0;8;0;270;182;2.0;1.0
50186;1;1;1;1.0;6;0;640;40;1.0;2.0
50188;1;2;2;2.0;6;0;510;0;2.0;1.0
50188;2;2;1;2.0;6;360;240;0;2.0;2.0
50194;1;1;2;3.0;5;0;590;20;2.0;1.0
50196;1;1;2;1.0;8;0;580;60;2.0;1.0
50204;1;1;1;1.0;6;30;490;100;2.0;1.0
50204;2;1;2;1.0;6;0;600;200;1.0;1.0
50205;1;1;2;1.0;5;0;490;270;1.0;1.0
50209;1;2;1;1.0;8;0;550;104;1.0;1.0
50209;2;2;2;1.0;8;0;600;78;1.0;1.0
50210;1;2;1;1.0;4;150;660;0;1.0;1.0
50214;1;2;1;1.0;6;280;400;0;1.0;1.0
50214;2;2;2;1.0;5;255;430;0;1.0;1.0
50215;1;1;2;1.0;4;440;550;0;1.0;1.0
50215;2;1;1;1.0;5;?;420;20;1.0;1.0
50218;1;2;1;1.0;6;0;600;117;2.0;1.0
50218;2;2;2;1.0;9;0;530;0;?;?
50222;1;1;2;1.0;6;0;480;0;2.0;2.0
50227;1;1;2;1.0;8;0;500;230;1.0;1.0
50228;1;1;2;2.0;7;00:00;08:40;00:20;2.0;2.0
50228;2;1;1;2.0;7;00:00;09:00;00:20;2.0;2.0
50232;2;2;2;1.0;6;0;520;117;1.0;1.0
50234;1;1;2;1.0;7;0;590;140;1.0;1.0
50237;1;2;1;3.0;7;0;580;65;2.0;2.0
50237;2;2;2;3.0;6;230;520;143;2.0;2.0
50238;1;1;2;3.0;9;0;510;140;2.0;2.0
50238;2;1;1;3.0;9;0;510;150;2.0;2.0
50239;1;1;1;1.0;8;00:00;06:10;09:00;2.0;1.0
50239;2;1;2;1.0;7;00:00;08:30;00:10;2.0;1.0
50241;1;2;1;3.0;9;0;520;156;2.0;2.0
50242;1;2;1;1.0;7;0;470;52;2.0;1.0
50242;2;2;2;1.0;7;0;410;377;2.0;1.0
50243;2;1;1;1.0;6;0;550;0;1.0;1.0
50247;1;2;1;3.0;6;220;470;65;2.0;1.0
50247;2;2;2;3.0;6;0;660;143;2.0;1.0
50250;1;1;1;2.0;5;0;410;50;2.0;1.0
50250;2;1;2;2.0;5;0;390;60;1.0;1.0
50251;1;2;2;1.0;5;180;470;0;1.0;1.0
50256;1;1;1;2.0;7;450;340;60;2.0;1.0
50258;2;1;1;1.0;7;0;540;0;2.0;2.0
50259;1;1;1;1.0;8;250;240;190;2.0;1.0
50264;1;1;2;1.0;7;0;470;40;2.0;2.0
50264;2;1;1;1.0;6;430;430;10;2.0;2.0
50265;1;2;1;1.0;3;0;570;0;0.0;0.0
50270;1;1;2;3.0;4;240;500;0;1.0;1.0
50270;2;1;2;3.0;7;0;490;70;1.0;1.0
50271;1;1;2;3.0;8;0;500;210;2.0;2.0
50271;2;1;1;3.0;9;0;430;250;2.0;1.0
50272;1;2;1;1.0;7;145;310;39;2.0;1.0
50272;2;2;2;1.0;6;15;580;130;2.0;1.0
50277;1;2;1;1.0;4;0;480;39;2.0;2.0
50277;2;2;2;1.0;4;0;400;26;2.0;2.0
50278;1;1;2;3.0;6;0;550;0;1.0;1.0
50278;2;1;1;3.0;6;0;580;0;1.0;2.0
50285;1;1;2;1.0;7;370;420;40;1.0;1.0
50285;2;1;1;1.0;6;390;530;0;1.0;2.0
50293;1;2;2;2.0;6;0;470;26;1.0;1.0
50295;1;2;2;1.0;8;0;500;130;1.0;1.0
50295;2;2;1;1.0;8;0;500;117;1.0;1.0
50302;1;1;2;1.0;8;0;600;50;1.0;2.0
50302;2;1;1;1.0;8;0;600;40;2.0;2.0
50303;1;2;1;1.0;3;00:00;11:40;00:00;1.0;1.0
50307;1;2;2;1.0;9;0;540;117;2.0;1.0
50316;1;1;2;3.0;3;0;670;0;1.0;1.0
50316;2;1;1;3.0;4;0;700;0;1.0;1.0
50328;1;2;2;1.0;6;0;600;286;1.0;1.0
50328;2;2;1;1.0;6;0;640;39;1.0;1.0
50332;1;1;2;1.0;7;0;560;40;2.0;2.0
50333;2;2;1;3.0;6;05:45;07:20;00:39;1.0;2.0
50339;1;2;2;1.0;7;290;470;26;2.0;2.0
50340;1;2;2;1.0;9;0;620;78;2.0;2.0
50353;1;1;1;1.0;6;09:20;07:50;01:00;1.0;1.0
50361;1;1;2;1.0;3;0;430;0;1.0;1.0
50363;1;2;1;1.0;4;00:00;11:00;00:00;1.0;1.0
50363;2;2;2;1.0;4;00:00;09:40;00:13;1.0;1.0
50371;1;1;2;1.0;6;400;470;30;1.0;2.0
50377;1;2;1;3.0;4;0;610;0;2.0;1.0
50377;2;2;2;3.0;4;0;430;0;2.0;1.0
50382;2;2;1;1.0;6;0;440;39;?;?
50385;1;2;1;3.0;8;0;610;13;2.0;2.0
50385;2;2;2;3.0;8;0;580;117;2.0;2.0
50389;1;2;1;1.0;3;00:00;12:00;00:00;1.0;1.0
50391;1;1;2;1.0;6;500;550;10;1.0;1.0
50391;2;1;1;1.0;6;0;520;0;2.0;1.0
50393;1;2;1;1.0;4;0;530;0;2.0;1.0
50393;2;2;2;1.0;5;0;640;390;2.0;1.0
50399;1;1;2;1.0;7;0;540;0;2.0;2.0
50399;2;1;1;1.0;7;0;590;0;1.0;2.0
50404;1;2;2;2.0;4;0;570;52;1.0;1.0
50407;1;1;1;1.0;4;600;600;0;1.0;1.0
50411;1;2;2;3.0;9;0;730;221;2.0;2.0
50411;2;2;1;3.0;9;0;760;182;2.0;2.0
50414;1;1;2;1.0;6;0;330;90;1.0;1.0
50422;1;1;1;1.0;6;460;380;0;1.0;1.0
50428;1;2;2;3.0;8;0;690;78;2.0;2.0
50428;2;2;1;3.0;5;180;520;104;2.0;2.0
50429;1;1;1;3.0;5;07:20;08:50;00:00;1.0;2.0
50429;2;1;2;3.0;5;00:00;07:50;00:00;1.0;1.0
50430;1;2;1;2.0;7;0;520;65;2.0;2.0
50430;2;2;2;2.0;8;0;510;26;1.0;1.0
50435;1;1;1;1.0;7;0;500;220;2.0;1.0
50436;1;1;2;1.0;5;0;450;90;2.0;1.0
50436;2;1;1;1.0;5;0;500;60;1.0;1.0
50438;1;1;2;1.0;5;0;700;190;1.0;1.0
50443;1;1;2;2.0;7;0;530;170;2.0;2.0
50443;2;1;1;2.0;7;40;610;140;1.0;1.0
50445;1;1;1;1.0;7;110;600;0;2.0;1.0
50447;1;1;2;3.0;4;00:00;11:20;02:20;2.0;1.0
50447;2;1;1;3.0;5;00:00;10:40;00:50;?;?
50452;1;2;2;1.0;8;0;560;117;2.0;1.0
50456;1;2;2;1.0;6;0;640;39;2.0;1.0
50456;2;2;1;1.0;7;35;480;104;?;?
50459;1;2;2;1.0;5;220;560;0;1.0;2.0
50459;2;2;1;1.0;5;180;340;13;1.0;1.0
50461;1;1;2;1.0;6;08:50;04:20;00:40;1.0;1.0
50464;1;1;2;1.0;6;00:00;09:10;00:00;1.0;1.0
50472;1;1;1;3.0;8;00:00;10:50;00:30;2.0;2.0
50472;2;1;2;3.0;7;00:00;09:40;01:40;1.0;2.0
50474;1;2;1;1.0;8;0;440;182;2.0;1.0
50474;2;2;2;1.0;8;0;390;195;2.0;1.0
50478;1;1;1;1.0;6;0;570;60;2.0;2.0
50478;2;1;2;1.0;6;420;570;10;?;1.0
50479;1;2;2;2.0;7;0;570;65;2.0;1.0
50483;1;2;1;2.0;4;285;510;0;1.0;1.0
50483;2;2;2;2.0;3;0;720;117;1.0;1.0
50485;1;1;2;1.0;3;390;430;0;1.0;2.0
50486;1;1;1;1.0;6;0;720;80;2.0;2.0
50488;1;1;1;1.0;6;520;400;0;1.0;1.0
50495;1;2;1;1.0;4;0;430;26;2.0;1.0
50504;1;2;1;1.0;6;0;500;78;1.0;1.0
50504;2;2;2;1.0;6;0;510;130;1.0;1.0
50505;1;1;1;1.0;4;650;250;20;120.0;0.0
50505;2;1;2;1.0;4;0;520;0;0.0;0.0
50506;1;1;2;3.0;8;0;620;20;2.0;1.0
50510;1;1;1;1.0;4;650;570;40;?;?
50510;2;1;2;1.0;5;0;490;0;2.0;1.0
50517;1;2;1;2.0;3;0;560;0;2.0;2.0
50523;1;1;1;3.0;8;0;640;0;2.0;2.0
50523;2;1;2;3.0;8;0;600;0;2.0;2.0
50526;1;2;1;1.0;7;0;510;78;2.0;2.0
50526;2;2;2;1.0;8;0;480;91;2.0;2.0
50529;1;2;2;1.0;7;0;570;273;1.0;1.0
50529;2;2;1;1.0;7;0;560;572;1.0;1.0
50531;1;2;2;1.0;7;0;690;130;2.0;1.0
50536;1;2;1;3.0;4;0;630;0;1.0;2.0
50536;2;2;2;3.0;4;0;500;0;1.0;1.0
50541;1;1;1;3.0;7;0;590;10;2.0;2.0
50541;2;1;2;3.0;7;0;540;0;2.0;2.0
50542;1;2;1;2.0;8;0;540;65;2.0;2.0
50542;2;2;2;2.0;9;0;480;91;2.0;2.0
50543;1;2;2;3.0;5;0;550;0;1.0;1.0
50543;2;2;1;3.0;5;0;510;117;1.0;1.0
50544;1;1;1;1.0;5;0;560;180;1.0;1.0
50547;1;2;1;3.0;6;235;580;0;2.0;2.0
50547;2;2;2;3.0;6;270;490;39;2.0;2.0
50560;1;1;2;3.0;3;60;460;0;1.0;1.0
50568;1;1;2;1.0;6;150;640;50;2.0;1.0
50568;2;1;1;1.0;6;170;690;90;2.0;1.0
50569;1;2;1;1.0;7;0;620;195;1.0;1.0
50569;2;2;2;1.0;7;0;500;26;1.0;1.0
50572;1;2;2;1.0;4;0;540;26;1.0;1.0
50572;2;2;1;1.0;3;0;950;130;1.0;1.0
50581;1;2;2;1.0;7;0;600;104;2.0;1.0
50581;2;2;1;1.0;6;0;600;26;2.0;2.0
50587;1;2;2;2.0;8;0;520;78;2.0;2.0
50588;1;1;1;1.0;7;0;530;0;1.0;2.0
50588;2;1;2;1.0;7;0;510;10;1.0;1.0
50591;1;1;2;1.0;6;830;350;10;1.0;1.0
50591;2;1;1;1.0;6;760;410;30;2.0;1.0
50592;1;1;1;1.0;5;0;500;0;2.0;1.0
50592;2;1;2;1.0;5;0;520;0;1.0;1.0
50599;2;2;1;1.0;6;240;450;39;1.0;2.0
50601;1;1;1;1.0;4;0;670;0;1.0;1.0
50605;1;2;2;1.0;3;0;450;0;1.0;1.0
50605;2;2;1;1.0;4;0;510;0;1.0;1.0
50611;1;1;2;1.0;7;0;650;0;2.0;1.0
50615;1;1;2;1.0;7;0;620;0;1.0;1.0
50616;1;2;1;2.0;7;0;480;0;2.0;1.0
50616;2;2;2;2.0;7;0;540;91;2.0;1.0
50622;1;2;1;2.0;9;0;470;78;2.0;2.0
50624;1;1;2;1.0;7;0;490;230;1.0;1.0
50624;2;1;1;1.0;7;470;500;10;?;?
50625;1;2;1;2.0;5;0;450;52;1.0;1.0
50625;2;2;2;2.0;5;0;530;247;1.0;1.0
50626;1;2;2;3.0;4;0;580;0;1.0;1.0
50626;2;2;1;3.0;4;0;660;0;?;?
50629;1;1;2;3.0;4;0;590;0;1.0;1.0
50629;2;1;1;3.0;4;0;690;0;1.0;1.0
50631;1;1;1;3.0;8;00:00;08:00;02:10;2.0;2.0
50631;2;1;2;3.0;8;00:00;08:10;00:20;2.0;2.0
50633;1;2;1;1.0;7;0;430;78;2.0;1.0
50635;1;1;1;1.0;7;440;530;0;2.0;1.0
50637;1;2;2;2.0;9;0;690;13;2.0;2.0
50639;2;1;1;1.0;6;0;480;0;1.0;1.0
50647;2;1;1;3.0;6;0;630;0;1.0;1.0
50653;1;1;2;1.0;7;0;540;60;2.0;1.0
50655;1;2;2;3.0;7;0;330;52;2.0;1.0
50655;2;2;1;3.0;7;0;450;65;2.0;1.0
50657;1;2;2;1.0;5;0;730;0;2.0;2.0
50657;2;2;1;1.0;7;0;540;26;2.0;2.0
50662;1;2;2;1.0;6;0;600;26;1.0;2.0
50664;1;2;1;1.0;6;0;670;0;2.0;2.0
50665;1;2;1;3.0;8;0;500;117;2.0;1.0
50665;2;2;2;3.0;8;0;530;13;2.0;1.0
50666;1;2;2;1.0;9;0;650;65;0.0;0.0
50666;2;2;1;1.0;9;0;620;156;240.0;0.0
50673;1;1;1;1.0;7;630;450;60;2.0;2.0
50673;2;1;2;1.0;7;510;380;80;2.0;1.0
50680;1;2;1;2.0;7;0;720;65;2.0;2.0
50680;2;2;2;2.0;7;0;520;52;2.0;1.0
50682;1;1;1;1.0;9;0;540;0;2.0;2.0
50682;2;1;2;1.0;9;0;420;60;1.0;2.0
50685;1;1;1;1.0;6;0;570;0;2.0;1.0
50685;2;1;2;1.0;6;0;630;70;2.0;1.0
50689;2;1;1;2.0;6;0;840;120;2.0;2.0
50690;1;2;2;1.0;9;0;680;13;2.0;2.0
50691;1;2;1;2.0;4;0;630;0;1.0;1.0
50691;2;2;2;2.0;3;230;630;52;1.0;1.0
50696;1;1;1;2.0;4;?;520;10;2.0;2.0
50696;2;1;2;2.0;4;0;500;20;2.0;1.0
50704;1;2;2;1.0;8;0;620;0;2.0;2.0
50709;1;2;2;1.0;5;00:00;09:10;00:00;1.0;1.0
50709;2;2;1;1.0;5;00:00;10:00;00:39;1.0;1.0
50713;1;1;1;1.0;5;380;470;70;1.0;1.0
50713;2;1;2;1.0;4;460;440;0;1.0;2.0
50714;1;2;2;2.0;4;0;640;0;1.0;1.0
50715;1;1;2;1.0;6;490;530;60;1.0;1.0
50721;2;1;2;1.0;6;290;400;10;1.0;1.0
50729;1;2;2;2.0;7;0;550;65;2.0;2.0
50729;2;2;1;2.0;7;0;560;91;1.0;2.0
50732;1;2;1;1.0;4;245;460;26;1.0;1.0
50732;2;2;1;1.0;4;0;550;143;1.0;1.0
50734;1;2;1;1.0;8;0;420;130;1.0;2.0
50734;2;2;2;1.0;7;0;460;221;1.0;2.0
50750;1;2;1;1.0;8;0;500;143;2.0;2.0
50750;2;2;2;1.0;7;0;530;156;2.0;2.0
50753;1;1;2;1.0;9;0;490;160;1.0;?
50753;2;1;1;1.0;8;0;450;130;2.0;1.0
50755;1;2;1;2.0;4;0;480;0;1.0;?
50755;2;2;2;2.0;4;0;490;130;1.0;1.0
50759;1;1;2;3.0;6;370;560;60;1.0;1.0
50759;2;1;1;3.0;5;440;510;0;1.0;1.0
50762;1;1;1;3.0;9;00:00;09:00;00:40;2.0;1.0
50764;1;2;2;1.0;4;0;420;143;1.0;1.0
50764;2;2;1;1.0;4;0;490;0;1.0;1.0
50766;1;1;1;1.0;9;0;540;20;240.0;120.0
50766;2;1;2;1.0;9;0;500;0;180.0;0.0
50769;1;1;1;2.0;4;0;590;10;2.0;1.0
50769;2;1;2;2.0;4;0;520;40;2.0;2.0
50770;1;1;2;1.0;6;220;490;40;1.0;1.0
50780;1;1;1;2.0;6;0;590;20;2.0;2.0
50780;2;1;2;2.0;6;0;660;20;2.0;1.0
50782;1;1;2;1.0;6;0;560;120;1.0;1.0
50782;2;1;1;1.0;7;0;600;0;1.0;1.0
50790;1;2;2;1.0;4;170;500;0;1.0;1.0
50790;2;2;1;1.0;5;130;430;26;1.0;1.0
50794;1;1;1;3.0;7;0;540;40;2.0;2.0
50794;2;1;2;3.0;8;0;540;40;2.0;1.0
50795;1;1;1;1.0;4;500;410;0;1.0;1.0
50795;2;1;2;1.0;4;300;510;0;1.0;2.0
50803;1;2;1;1.0;7;?;590;182;2.0;1.0
50809;1;2;1;1.0;7;250;350;39;1.0;2.0
50809;2;2;2;1.0;6;145;430;130;1.0;1.0
50813;1;1;1;1.0;8;0;600;0;2.0;1.0
50813;2;1;2;1.0;7;0;660;60;2.0;2.0
50814;1;2;2;1.0;8;0;430;117;1.0;1.0
50818;1;1;2;1.0;8;0;560;170;2.0;1.0
50819;1;2;1;1.0;7;0;600;130;2.0;1.0
50843;1;2;1;1.0;9;0;480;221;1.0;1.0
50843;2;2;2;1.0;9;0;520;78;1.0;1.0
50849;2;2;1;2.0;5;235;420;0;2.0;1.0
50856;2;2;2;1.0;7;230;540;0;2.0;2.0
50860;1;2;1;1.0;7;0;530;65;1.0;1.0
50860;2;2;2;1.0;6;0;520;?;?;1.0
50872;1;1;2;1.0;7;0;480;0;2.0;1.0
50877;1;1;1;3.0;4;00:00;08:40;00:50;2.0;1.0
50877;2;1;2;3.0;4;10:10;09:00;00:10;1.0;1.0
50881;1;2;2;1.0;6;0;490;117;2.0;2.0
50883;1;1;2;1.0;9;0;640;10;2.0;1.0
50886;1;2;1;1.0;8;00:00;07:20;01:44;2.0;1.0
50887;1;1;1;1.0;4;0;640;0;2.0;1.0
50887;2;1;2;1.0;4;0;550;0;2.0;1.0
50888;1;2;2;2.0;8;00:00;09:30;00:52;1.0;1.0
50895;1;1;1;1.0;6;0;550;0;2.0;1.0
50897;1;2;1;1.0;6;00:00;06:00;00:00;?;?
50897;2;2;2;1.0;5;00:00;08:30;00:00;1.0;1.0
50901;1;1;1;1.0;8;0;640;130;2.0;2.0
50901;2;1;2;1.0;8;0;620;90;2.0;2.0
50914;1;1;2;1.0;5;0;520;20;1.0;1.0
50914;2;1;1;1.0;6;0;630;40;1.0;2.0
50918;1;1;1;3.0;9;0;750;70;2.0;2.0
50918;2;1;2;3.0;8;0;690;150;2.0;2.0
50922;1;1;1;1.0;5;170;490;110;1.0;1.0
50922;2;1;2;1.0;5;0;470;60;1.0;1.0
50923;1;1;2;2.0;7;0;570;110;2.0;1.0
50923;2;1;1;2.0;8;0;540;10;2.0;1.0
50944;1;2;1;1.0;4;0;760;26;1.0;1.0
50955;2;1;1;3.0;5;00:00;08:00;00:30;?;?
50958;1;2;1;1.0;8;0;570;0;2.0;2.0
50958;2;2;2;1.0;8;0;580;52;2.0;1.0
50959;1;1;2;1.0;7;0;660;80;1.0;2.0
50959;2;1;1;1.0;7;?;650;80;1.0;2.0
50986;1;1;1;2.0;7;0;?;70;1.0;1.0
50989;1;1;2;2.0;5;130;600;0;1.0;1.0
50989;2;1;1;2.0;6;130;610;40;2.0;1.0
50992;1;1;1;3.0;9;00:00;08:50;00:00;2.0;1.0
50997;1;1;1;1.0;6;?;770;60;2.0;1.0
50997;2;1;2;1.0;6;0;630;40;1.0;1.0
50998;2;1;2;1.0;6;360;450;50;1.0;1.0
50999;1;2;2;3.0;8;0;590;130;2.0;2.0
50999;2;2;1;3.0;8;0;600;208;2.0;2.0
51002;1;2;1;1.0;8;00:00;07:10;01:31;2.0;2.0
51009;1;1;1;1.0;6;100;640;0;2.0;2.0
51009;2;1;2;1.0;6;0;560;?;2.0;2.0
51014;1;2;2;1.0;7;0;510;390;1.0;1.0
51014;2;2;1;1.0;7;0;550;299;1.0;1.0
51018;1;2;2;1.0;4;150;200;0;1.0;1.0
51018;2;2;1;1.0;4;0;470;0;1.0;1.0
51021;1;1;2;1.0;6;0;480;10;1.0;1.0
51021;2;1;1;1.0;3;0;520;0;1.0;1.0
51026;1;2;2;1.0;5;0;490;52;1.0;2.0
51026;2;2;1;1.0;5;0;370;26;1.0;1.0
51038;1;2;2;1.0;5;35;520;403;1.0;1.0
51043;1;2;1;2.0;7;0;540;0;1.0;1.0
51043;2;2;2;2.0;7;0;530;52;1.0;1.0
51047;1;1;2;1.0;6;0;540;0;2.0;1.0
51048;1;1;2;2.0;6;0;490;30;1.0;1.0
51048;2;1;2;2.0;3;0;580;10;1.0;1.0
51049;1;1;1;1.0;8;00:00;10:00;00:30;1.0;1.0
51049;2;1;2;1.0;8;00:00;06:30;01:40;1.0;2.0
51054;1;1;1;2.0;8;0;370;0;2.0;1.0
51056;1;2;1;2.0;4;0;?;26;1.0;1.0
51056;2;2;2;2.0;5;0;590;78;1.0;1.0
51057;2;2;1;1.0;7;0;460;0;2.0;2.0
51065;1;1;2;1.0;7;0;540;50;2.0;1.0
51065;2;1;1;1.0;8;0;570;0;?;?
51072;1;1;1;1.0;7;0;600;0;1.0;1.0
51072;2;1;2;1.0;7;0;600;0;1.0;1.0
51073;1;1;2;1.0;7;510;450;0;2.0;1.0
51073;2;1;1;1.0;7;0;540;0;2.0;2.0
51075;1;1;2;3.0;8;0;580;50;2.0;1.0
51075;2;1;1;3.0;9;0;740;240;?;?
51076;1;2;2;1.0;3;0;580;0;1.0;1.0
51077;1;1;2;3.0;7;0;500;130;2.0;1.0
51078;1;2;1;1.0;9;0;650;234;2.0;1.0
51086;1;2;2;1.0;9;0;510;52;2.0;2.0
51086;2;2;1;1.0;9;0;520;91;2.0;2.0
51090;1;2;2;1.0;6;0;530;0;1.0;2.0
51093;1;2;2;2.0;5;0;540;0;2.0;1.0
51100;1;1;2;1.0;5;00:00;10:20;00:20;1.0;1.0
51100;2;1;1;1.0;5;06:10;07:40;00:30;1.0;1.0
51101;1;2;1;2.0;7;55;540;0;2.0;2.0
51101;2;2;2;2.0;6;0;580;273;2.0;1.0
51104;1;1;2;1.0;3;0;590;0;1.0;1.0
51108;1;1;2;1.0;5;590;350;0;2.0;2.0
51117;1;2;1;1.0;4;300;550;0;2.0;2.0
51117;2;2;2;1.0;4;0;350;0;2.0;2.0
51123;1;2;2;1.0;9;0;640;0;2.0;2.0
51126;1;1;1;2.0;4;440;480;0;1.0;1.0
51126;2;1;2;2.0;4;410;540;10;1.0;1.0
51129;1;2;2;3.0;5;0;580;26;1.0;2.0
51130;1;1;2;2.0;9;00:00;08:40;02:50;?;2.0
51133;1;1;2;1.0;7;0;460;20;2.0;2.0
51136;1;1;1;1.0;5;0;650;40;2.0;1.0
51136;2;1;2;1.0;5;0;650;80;?;?
51141;1;1;2;1.0;3;07:40;08:30;00:00;1.0;1.0
51141;2;1;1;1.0;3;00:00;10:30;00:00;1.0;1.0
51145;1;1;2;2.0;7;0;580;50;2.0;2.0
51147;1;2;2;1.0;3;03:05;11:10;00:00;1.0;1.0
51159;1;2;1;1.0;7;0;560;104;1.0;1.0
51160;1;2;1;2.0;8;0;580;0;2.0;1.0
51161;1;1;2;1.0;6;0;640;0;1.0;2.0
51161;2;1;1;1.0;7;0;620;0;1.0;1.0
51174;1;2;1;1.0;4;00:00;08:30;00:00;1.0;1.0
51182;1;1;1;1.0;7;0;450;0;1.0;2.0
51182;2;1;2;1.0;7;0;540;30;1.0;1.0
51183;1;1;2;2.0;5;0;440;130;1.0;1.0
51200;1;2;2;1.0;3;0;360;0;2.0;1.0
51200;2;2;1;1.0;4;200;300;0;2.0;1.0
51211;1;2;1;1.0;4;0;560;0;1.0;1.0
51212;1;1;1;1.0;9;0;540;30;2.0;2.0
51212;2;1;2;1.0;9;0;590;20;1.0;?
51213;2;1;2;1.0;6;0;530;0;2.0;2.0
51219;1;2;1;1.0;8;0;580;78;1.0;1.0
51219;2;2;2;1.0;7;20;450;26;1.0;1.0
51231;1;2;2;1.0;5;0;530;39;1.0;2.0
51235;1;1;2;1.0;8;0;550;30;2.0;1.0
51242;1;1;1;1.0;3;00:00;10:20;00:30;1.0;1.0
51242;2;1;2;1.0;4;01:30;10:10;00:10;1.0;1.0
51244;1;2;2;1.0;7;00:00;10:00;00:52;2.0;1.0
51248;1;2;2;1.0;4;250;250;39;1.0;1.0
51249;1;2;2;1.0;9;0;640;156;?;2.0
51251;1;1;2;1.0;7;0;420;90;1.0;1.0
51251;2;1;1;1.0;8;0;450;110;1.0;1.0
51256;1;1;1;3.0;4;0;360;0;1.0;1.0
51258;1;1;2;3.0;8;0;400;40;2.0;2.0
51260;1;1;2;3.0;6;06:50;08:00;02:10;1.0;1.0
51261;1;1;2;3.0;4;0;520;0;1.0;2.0
51261;2;1;1;3.0;4;680;480;0;?;?
51263;1;2;1;1.0;6;0;610;0;2.0;2.0
51263;2;2;2;1.0;5;225;540;39;?;?
51266;2;1;1;3.0;6;0;630;0;2.0;2.0
51269;1;1;2;1.0;6;0;470;20;2.0;2.0
51269;2;1;1;1.0;6;0;440;0;2.0;2.0
51273;1;1;1;1.0;6;0;620;130;1.0;1.0
51273;2;1;2;1.0;9;0;400;50;2.0;1.0
51274;1;2;1;1.0;9;0;550;208;1.0;1.0
51274;2;2;2;1.0;9;0;540;143;1.0;1.0
51275;1;1;1;1.0;9;0;590;60;2.0;2.0
51277;1;1;1;1.0;6;0;450;40;2.0;2.0
51279;1;1;2;1.0;9;00:00;09:50;01:00;2.0;1.0
51281;1;2;2;2.0;8;0;570;0;120.0;0.0
51281;2;2;1;2.0;9;0;560;0;240.0;120.0
51284;1;2;2;1.0;8;0;540;117;2.0;2.0
51284;2;2;1;1.0;8;0;480;117;2.0;2.0
51288;2;1;1;1.0;6;0;300;110;1.0;1.0
51290;1;2;1;1.0;7;0;120;0;2.0;1.0
51290;2;2;2;1.0;7;0;120;0;?;1.0
51294;1;2;1;3.0;6;180;500;26;2.0;1.0
51294;2;2;2;3.0;6;150;460;13;2.0;2.0
51302;1;2;1;1.0;8;0;390;117;1.0;1.0
51304;1;2;1;1.0;4;445;360;0;2.0;2.0
51304;2;2;2;1.0;4;0;520;130;2.0;1.0
51309;1;1;1;1.0;3;0;640;30;2.0;2.0
51313;1;1;1;2.0;5;470;360;30;1.0;1.0
51313;2;1;2;2.0;5;380;350;0;1.0;1.0
51314;1;2;2;1.0;7;0;540;0;2.0;2.0
51314;2;2;1;1.0;7;0;680;169;2.0;2.0
51321;1;1;2;1.0;8;0;540;70;2.0;2.0
51321;2;1;1;1.0;8;0;520;120;?;?
51326;1;1;2;1.0;7;0;540;60;2.0;1.0
51326;2;1;1;1.0;8;0;540;30;?;?
51327;1;2;2;2.0;6;235;470;78;1.0;1.0
51327;2;2;1;2.0;7;240;400;39;2.0;2.0
51328;1;2;1;1.0;7;0;530;169;2.0;2.0
51328;2;2;2;1.0;6;0;650;65;2.0;1.0
51336;1;1;2;1.0;5;0;240;110;1.0;?
51341;1;2;1;1.0;5;0;610;0;1.0;1.0
51345;1;2;1;1.0;6;235;520;26;1.0;2.0
51345;2;2;2;1.0;5;240;500;39;1.0;1.0
51347;1;1;1;1.0;5;470;460;0;1.0;2.0
51347;2;1;2;1.0;5;600;520;10;1.0;2.0
51350;1;2;2;1.0;6;200;550;0;1.0;1.0
51350;2;2;1;1.0;7;0;490;0;2.0;1.0
51351;1;2;1;3.0;7;0;610;52;2.0;1.0
51353;1;1;2;1.0;5;0;600;0;2.0;1.0
51353;2;1;1;1.0;5;0;800;0;1.0;1.0
51358;1;2;1;1.0;5;575;290;0;1.0;1.0
51358;2;2;2;1.0;4;0;450;0;2.0;1.0
51361;1;1;2;1.0;6;370;500;0;1.0;2.0
51361;2;1;1;1.0;6;0;570;30;1.0;1.0
51364;1;2;2;3.0;5;0;740;78;1.0;1.0
51364;2;2;1;3.0;6;25;510;143;1.0;1.0
51365;1;1;2;1.0;7;0;410;0;1.0;1.0
51365;2;1;1;1.0;7;340;400;0;2.0;2.0
51366;1;2;2;3.0;8;0;570;0;2.0;2.0
51366;2;2;1;3.0;9;0;510;65;2.0;2.0
51367;1;1;1;1.0;3;520;440;0;2.0;1.0
51369;1;1;2;2.0;5;590;390;0;1.0;1.0
51369;2;1;1;2.0;6;430;440;70;1.0;1.0
51378;1;1;1;1.0;8;0;540;0;2.0;2.0
51378;2;1;2;1.0;8;0;540;0;2.0;2.0
51389;1;1;1;1.0;8;0;480;50;2.0;1.0
51389;2;1;2;1.0;8;0;520;160;2.0;1.0
51391;1;1;2;1.0;9;0;510;120;1.0;2.0
51392;1;1;2;1.0;6;0;?;0;1.0;2.0
51392;2;1;1;1.0;5;0;760;0;1.0;2.0
51396;1;2;1;1.0;6;0;630;78;1.0;1.0
51407;1;2;1;1.0;7;0;560;0;2.0;1.0
51410;1;1;2;1.0;4;0;380;0;1.0;1.0
51415;1;2;2;1.0;5;175;480;0;1.0;1.0
51418;1;1;1;3.0;7;0;570;0;2.0;1.0
51420;1;2;2;2.0;7;0;480;65;2.0;1.0
51420;2;2;1;2.0;8;0;670;65;2.0;1.0
51421;1;1;1;3.0;9;01:50;10:30;03:30;2.0;2.0
51421;2;1;1;3.0;7;15:10;08:00;00:00;1.0;1.0
51429;2;2;2;1.0;5;200;440;52;2.0;1.0
51433;1;2;1;1.0;5;04:15;07:20;00:00;1.0;1.0
51434;1;2;2;2.0;7;0;570;65;1.0;1.0
51436;1;1;2;1.0;4;240;630;80;2.0;2.0
51437;1;2;2;1.0;6;230;530;26;1.0;1.0
51440;1;2;1;1.0;7;25;610;104;2.0;2.0
51440;2;2;2;1.0;7;0;530;65;2.0;1.0
51442;1;1;2;3.0;5;310;420;40;1.0;1.0
51442;2;1;1;3.0;5;650;410;60;1.0;2.0
51450;1;1;1;1.0;9;0;580;0;2.0;2.0
51456;1;1;1;1.0;4;09:10;06:10;00:10;?;?
51456;2;1;2;1.0;4;03:00;?;03:30;1.0;1.0
51459;1;2;2;3.0;7;0;520;0;2.0;2.0
51459;2;2;1;3.0;7;0;650;182;2.0;2.0
51462;1;1;2;2.0;6;400;620;0;2.0;2.0
51467;1;2;1;1.0;8;0;540;143;2.0;1.0
51467;2;2;2;1.0;8;0;560;78;2.0;1.0
51473;1;1;1;1.0;4;00:00;14:20;00:00;1.0;1.0
51477;1;2;1;3.0;8;0;570;65;2.0;1.0
51479;1;2;1;3.0;6;150;650;39;1.0;2.0
51479;2;2;2;3.0;6;0;540;91;1.0;1.0
51480;1;1;2;1.0;7;0;710;20;1.0;2.0
51480;2;1;1;1.0;8;0;570;230;1.0;2.0
51484;1;1;2;1.0;4;390;500;0;1.0;1.0
51484;2;1;1;1.0;4;510;390;0;1.0;1.0
51493;1;2;2;1.0;6;0;680;65;120.0;0.0
51493;2;2;1;1.0;7;0;630;130;120.0;180.0
51494;1;2;1;1.0;5;200;390;26;2.0;2.0
51494;2;2;2;1.0;5;225;270;13;2.0;2.0
51495;1;1;1;1.0;5;0;520;0;1.0;1.0
51495;2;1;2;1.0;4;0;410;0;1.0;1.0
51496;1;1;2;2.0;4;0;540;0;2.0;1.0
51496;2;1;1;2.0;4;460;450;30;2.0;1.0
51497;1;1;1;1.0;9;0;?;130;1.0;1.0
51497;2;1;2;1.0;9;0;590;130;1.0;1.0
51503;1;2;1;1.0;5;260;380;39;1.0;1.0
51507;1;1;1;1.0;5;0;580;30;1.0;1.0
51507;2;1;2;1.0;5;0;590;40;1.0;1.0
51509;1;1;1;3.0;7;0;560;0;2.0;2.0
51513;1;2;2;1.0;5;245;450;0;1.0;2.0
51513;2;2;1;1.0;6;170;530;0;1.0;1.0
51515;1;2;1;1.0;6;235;470;0;1.0;2.0
51517;1;2;2;1.0;8;0;610;39;1.0;1.0
51517;2;2;1;1.0;8;0;610;0;2.0;2.0
51524;1;1;1;1.0;6;0;590;130;2.0;1.0
51533;1;1;2;1.0;6;400;430;0;1.0;1.0
51534;1;1;1;2.0;7;0;640;160;1.0;1.0
51534;2;1;2;2.0;5;0;620;110;1.0;1.0
51535;1;2;2;1.0;5;?;430;117;1.0;1.0
51535;2;2;1;1.0;5;250;520;52;1.0;1.0
51536;1;2;1;1.0;4;0;810;0;1.0;1.0
51539;1;2;2;3.0;5;0;660;13;2.0;1.0
51539;2;2;1;3.0;5;0;660;0;2.0;1.0
51541;1;1;1;1.0;6;0;530;0;1.0;2.0
51541;2;1;2;1.0;6;0;560;40;1.0;1.0
51543;1;2;2;1.0;5;0;610;52;2.0;1.0
51543;2;2;1;1.0;6;320;620;39;?;?
51545;1;2;2;1.0;4;0;510;0;1.0;1.0
51545;2;2;1;1.0;5;0;490;0;1.0;1.0
51566;1;2;1;2.0;6;245;430;0;1.0;1.0
51566;2;2;2;2.0;6;225;370;0;?;1.0
51567;1;2;2;1.0;6;0;490;455;2.0;1.0
51569;1;1;2;2.0;5;0;470;80;2.0;1.0
51569;2;1;1;2.0;6;0;540;80;1.0;1.0
51579;1;2;1;3.0;4;0;610;0;1.0;1.0
51579;2;2;2;3.0;3;205;710;26;1.0;1.0
51590;1;1;2;1.0;3;30;650;30;1.0;2.0
51590;2;1;1;1.0;3;0;540;40;2.0;2.0
51592;1;2;1;1.0;3;0;710;0;1.0;1.0
51594;1;2;1;3.0;5;320;510;13;2.0;1.0
51601;1;1;2;1.0;6;30;530;10;1.0;1.0
51601;2;1;1;1.0;7;240;560;20;?;?
51610;1;2;1;1.0;5;0;550;0;2.0;2.0
51610;2;2;2;1.0;5;0;550;130;2.0;1.0
51613;1;2;1;1.0;8;0;430;299;2.0;2.0
51613;2;2;2;1.0;7;0;480;234;2.0;1.0
51615;1;1;1;3.0;8;0;590;40;240.0;0.0
51615;2;1;2;3.0;7;0;590;100;60.0;0.0
51619;1;1;1;1.0;8;0;510;0;2.0;2.0
51620;1;2;1;1.0;8;0;470;13;2.0;2.0
51625;1;1;2;1.0;5;460;350;0;1.0;2.0
51625;2;1;1;1.0;5;400;400;0;?;?
51631;1;1;1;3.0;5;410;520;20;1.0;1.0
51631;2;1;2;3.0;5;0;540;10;2.0;1.0
51633;1;1;1;3.0;6;09:20;07:50;00:10;?;?
51633;2;1;2;3.0;6;00:00;10:10;01:10;2.0;1.0
51635;1;2;1;1.0;9;0;770;0;?;?
51635;2;2;2;1.0;7;0;430;130;2.0;2.0
51636;1;1;2;1.0;7;0;670;0;2.0;2.0
51636;2;1;1;1.0;7;0;660;70;1.0;1.0
51637;1;2;1;1.0;4;03:40;08:30;00:00;1.0;1.0
51637;2;2;2;1.0;4;03:45;10:00;00:00;?;?
51640;1;2;2;2.0;7;0;680;0;2.0;2.0
51640;2;2;1;2.0;7;0;560;?;2.0;2.0
51645;1;1;1;1.0;4;00:00;07:50;00:00;2.0;1.0
51645;2;1;2;1.0;4;00:00;07:50;00:20;2.0;1.0
51655;1;1;1;1.0;7;0;370;120;1.0;1.0
51655;2;1;2;1.0;7;0;450;70;1.0;1.0
51657;1;2;1;1.0;8;0;700;39;2.0;2.0
51657;2;2;2;1.0;8;0;640;39;2.0;1.0
51659;1;1;1;3.0;9;0;550;120;2.0;1.0
51659;2;1;2;3.0;8;0;550;70;?;?
51661;1;2;2;1.0;5;0;410;0;2.0;1.0
51661;2;2;1;1.0;5;0;420;0;2.0;2.0
51667;1;1;2;2.0;5;460;470;0;1.0;1.0
51673;1;2;2;2.0;5;0;880;0;2.0;1.0
51673;2;2;1;2.0;5;180;510;0;2.0;2.0
51675;1;1;1;1.0;6;0;470;50;2.0;1.0
51675;2;1;2;1.0;6;0;460;220;1.0;1.0
51679;1;1;1;1.0;5;0;550;110;1.0;1.0
51679;2;1;2;1.0;5;0;420;40;1.0;1.0
51682;1;1;1;3.0;8;0;530;60;2.0;1.0
51684;1;2;2;1.0;4;0;550;0;1.0;1.0
51684;2;2;1;1.0;5;215;530;0;2.0;1.0
51688;1;2;2;1.0;9;0;440;260;2.0;2.0
51689;1;1;2;2.0;5;340;490;0;2.0;1.0
51690;1;1;2;1.0;3;0;280;0;1.0;1.0
51690;2;1;1;1.0;3;0;200;10;1.0;1.0
51693;1;1;1;3.0;8;0;640;130;1.0;1.0
51693;2;1;2;3.0;7;0;590;160;1.0;1.0
51701;1;2;2;1.0;5;00:00;13:30;01:44;1.0;1.0
51701;2;2;1;1.0;5;00:00;?;00:00;1.0;1.0
51703;1;1;2;1.0;6;0;490;40;2.0;2.0
51705;1;2;2;1.0;6;0;600;0;2.0;1.0
51717;1;2;2;3.0;6;0;550;0;2.0;1.0
51717;2;2;1;3.0;6;100;500;0;2.0;1.0
51718;1;1;2;1.0;5;270;530;60;1.0;1.0
51729;1;2;1;3.0;6;03:20;07:20;03:41;1.0;1.0
51732;1;2;1;1.0;8;0;590;117;2.0;2.0
51732;2;2;2;1.0;7;0;590;52;2.0;2.0
51735;1;1;1;1.0;8;0;590;110;2.0;2.0
51735;2;1;2;1.0;8;0;570;60;?;?
51738;1;2;1;2.0;8;0;440;13;2.0;2.0
51738;2;2;2;2.0;8;0;470;338;1.0;1.0
51741;1;2;2;1.0;7;0;610;78;1.0;1.0
51741;2;2;1;1.0;7;250;430;39;2.0;1.0
51747;1;2;1;1.0;6;185;540;104;2.0;1.0
51749;2;2;2;1.0;5;0;780;0;2.0;1.0
51755;1;2;2;1.0;8;0;500;65;1.0;1.0
51755;2;2;1;1.0;9;0;540;234;1.0;1.0
51773;1;2;2;3.0;4;20;450;13;1.0;2.0
51774;1;1;1;1.0;6;00:00;?;00:30;1.0;1.0
51774;2;1;2;1.0;5;00:00;10:30;00:00;?;?
51781;1;2;1;1.0;7;0;530;130;2.0;2.0
51781;2;2;2;1.0;7;0;540;39;2.0;2.0
51783;1;2;2;1.0;9;0;570;52;2.0;2.0
51788;1;2;2;1.0;5;245;470;0;2.0;2.0
51788;2;2;1;1.0;6;35;520;26;?;?
51789;1;1;2;1.0;9;0;530;210;2.0;1.0
51792;1;1;2;1.0;7;0;520;70;2.0;1.0
51792;2;1;1;1.0;7;0;520;60;2.0;2.0
51799;1;1;1;1.0;7;0;590;70;1.0;1.0
51799;2;1;2;1.0;7;0;550;90;?;?
51801;1;1;2;1.0;5;0;590;30;1.0;?
51801;2;1;1;1.0;6;0;720;110;1.0;1.0
51810;1;2;1;1.0;5;00:00;09:00;02:10;1.0;1.0
51817;1;1;2;1.0;6;70;510;60;1.0;1.0
51820;1;1;1;1.0;6;520;480;10;2.0;2.0
51820;2;1;2;1.0;6;0;550;?;1.0;1.0
51822;1;1;1;2.0;9;0;580;90;2.0;2.0
51822;2;1;2;2.0;9;0;570;80;2.0;1.0
51828;1;1;2;1.0;7;0;580;0;2.0;1.0
51829;2;1;2;1.0;6;0;570;20;1.0;1.0
51833;2;1;1;1.0;6;0;720;0;2.0;1.0
51837;2;1;2;1.0;6;470;530;0;1.0;1.0
51841;1;1;2;1.0;9;0;550;60;2.0;1.0
51841;2;1;1;1.0;9;0;550;80;2.0;2.0
51846;1;1;1;1.0;5;0;460;0;2.0;1.0
51846;2;1;2;1.0;4;0;460;0;2.0;1.0
51848;1;1;2;1.0;6;00:00;10:30;01:10;1.0;2.0
51857;1;1;1;1.0;7;00:00;08:10;00:00;1.0;1.0
51857;2;1;2;1.0;7;00:00;08:00;00:00;1.0;1.0
51858;1;2;2;1.0;5;0;590;0;1.0;1.0
51858;2;2;1;1.0;5;0;430;143;1.0;1.0
51861;1;2;2;1.0;5;225;380;65;1.0;1.0
51861;2;2;1;1.0;5;325;410;0;1.0;2.0
51865;1;1;1;1.0;4;0;520;80;1.0;1.0
51865;2;1;2;1.0;5;0;500;40;2.0;1.0
51866;1;1;2;2.0;4;540;?;0;1.0;1.0
51867;2;2;1;2.0;6;265;420;13;?;1.0
51869;2;1;2;1.0;7;0;530;0;1.0;1.0
51873;1;2;2;1.0;8;0;430;351;1.0;1.0
51873;2;2;1;1.0;8;0;400;260;1.0;1.0
51877;1;1;2;3.0;4;0;610;100;1.0;1.0
51877;2;1;1;3.0;5;490;540;10;1.0;1.0
51883;1;2;2;2.0;7;03:45;07:20;00:13;1.0;1.0
51883;2;2;1;2.0;4;07:50;07:10;00:00;2.0;1.0
51884;1;2;1;1.0;7;0;530;221;120.0;0.0
51884;2;2;2;1.0;7;0;350;52;0.0;0.0
51887;1;2;2;3.0;8;0;540;143;2.0;1.0
51891;2;2;2;1.0;7;00:00;06:20;00:00;2.0;1.0
51893;1;2;2;1.0;4;0;280;13;1.0;1.0
51898;1;1;2;1.0;8;0;560;50;2.0;2.0
51898;2;1;1;1.0;7;0;490;30;2.0;2.0
51900;1;1;1;1.0;5;0;480;40;1.0;2.0
51900;2;1;2;1.0;5;0;560;0;1.0;1.0
51902;1;1;2;2.0;4;0;570;20;1.0;1.0
51902;2;1;1;2.0;4;0;630;0;2.0;1.0
51904;1;1;2;1.0;4;0;480;30;1.0;1.0
51904;2;1;1;1.0;4;0;500;10;1.0;1.0
51905;1;1;2;3.0;5;0;520;0;2.0;1.0
51914;1;2;1;1.0;6;230;420;26;2.0;1.0
51914;2;2;2;1.0;6;310;150;0;1.0;1.0
51918;1;2;1;3.0;6;0;600;0;2.0;2.0
51918;2;2;2;3.0;6;0;600;0;2.0;1.0
51920;1;1;1;3.0;7;00:00;08:40;00:00;2.0;2.0
51920;2;1;2;3.0;7;00:00;09:40;01:10;2.0;2.0
51921;1;1;2;2.0;6;0;?;50;2.0;1.0
51921;2;1;1;2.0;7;0;550;20;2.0;1.0
51923;1;1;1;1.0;8;0;610;0;2.0;2.0
51926;1;1;1;3.0;7;0;630;30;1.0;1.0
51926;2;1;2;3.0;7;0;590;40;1.0;1.0
51929;1;1;1;2.0;7;0;410;0;2.0;1.0
51932;1;1;2;1.0;3;440;650;0;1.0;1.0
51932;2;1;1;1.0;3;0;420;0;1.0;1.0
51935;1;1;2;1.0;5;0;680;50;1.0;2.0
51935;2;1;1;1.0;5;0;1050;0;1.0;1.0
51936;1;1;2;1.0;4;0;620;180;1.0;1.0
51936;2;1;1;1.0;5;0;510;60;1.0;1.0
51941;1;1;2;2.0;7;00:00;04:00;00:50;2.0;2.0
51941;2;1;1;2.0;7;00:00;04:30;03:10;2.0;2.0
51947;1;2;1;1.0;7;20;670;39;1.0;2.0
51947;2;2;2;1.0;7;0;580;91;1.0;1.0
51951;1;1;2;1.0;6;0;600;200;2.0;1.0
51964;1;1;2;1.0;7;0;460;360;1.0;1.0
51964;2;1;1;1.0;7;0;550;0;1.0;1.0
51965;1;2;2;2.0;7;0;540;78;1.0;1.0
51973;1;1;1;2.0;5;0;600;0;1.0;1.0
51973;2;1;2;2.0;4;0;500;10;1.0;2.0
51977;1;1;2;1.0;9;0;490;50;2.0;2.0
51977;2;1;2;1.0;7;0;500;60;1.0;2.0
51978;1;2;2;2.0;6;0;610;0;2.0;1.0
51978;2;2;1;2.0;6;0;570;0;2.0;2.0
51980;1;2;2;2.0;6;230;450;39;1.0;2.0
51981;1;2;2;1.0;5;0;790;0;1.0;1.0
51981;2;2;1;1.0;5;0;730;0;?;?
51982;1;2;2;1.0;6;0;490;52;2.0;2.0
51982;2;2;1;1.0;5;210;480;52;?;?
